1 4 1229
1 4 2217
1 4 3204
1 1 4192
1 4 4192
1 2 4439
2 4 4686 4933
2 2 4933 5180
1 1 5180
2 3 5180 5427
1 2 5427
2 3 5674 5921
2 4 5921 6167
1 1 6167
2 2 6167 6414
1 3 6414
2 4 6661 6908
1 2 6908
1 1 7155
2 3 7155 7402
1 4 7402
2 2 7649 7896
1 3 7896
1 1 8143
1 4 8143
1 2 8390
2 4 8637 8883
1 1 8883
2 3 8883 9130
1 2 9130
2 4 9130 9377
1 1 9377
2 3 9624 9871
2 4 9871 10118
2 1 10118 10365
1 2 10118
1 3 10365
2 4 10612 10859
1 1 10859
1 3 10859
2 2 11106 11353
1 4 11106
1 3 11353
2 1 11600 11846
1 4 11846
2 2 12093 13081
1 3 12093
1 4 12340
1 1 12464
1 4 12587
1 3 12834
1 1 13081
2 4 13081 14069
1 2 13328
1 3 13451
1 2 13575
1 1 13822
2 2 14069 15056
1 3 14069
1 1 14316
1 4 14439
1 1 14562
1 3 14809
1 1 15056
1 4 15056
1 3 15180
1 2 15303
1 3 15427
2 4 15550 15797
2 1 15797 16044
1 2 16044
2 4 16044 17032
2 3 17032 17525
2 2 17525 18019
2 1 18019 19007
1 3 19007
1 3 19254
1 1 19501
1 2 19501
1 1 19748
1 4 19748
2 2 19995 20982
1 3 19995
1 4 20242
1 1 20488
1 3 20612
1 1 20982
1 4 20982
1 3 21229
1 2 21353
1 4 21476
1 1 21600
1 3 21600
1 2 21846
2 4 21846 22958
1 3 22217
1 1 22464
1 2 22587
1 1 22958
1 3 22958
2 2 23204 23451
1 4 23451
1 1 23575
1 4 23698
1 3 23822
2 1 23945 24933
1 2 23945
1 4 24192
1 3 24439
1 2 24562
1 3 24933
1 4 24933
1 2 25180
1 3 25303
1 1 25427
1 2 25550
1 4 25550
1 1 25797
2 3 25797 26661
1 2 26167
1 4 26291
1 1 26414
2 2 26661 26908
1 1 26908
1 4 26908
1 3 27155
1 1 27402
2 2 27649 27896
1 3 27896
1 4 27896
1 1 28019
1 4 28143
1 2 28266
1 4 28390
1 1 28513
1 3 28637
1 1 28760
1 2 28883
1 4 28883
1 3 29130
1 2 29254
1 1 29377
1 3 29501
1 4 29501
1 1 29748
1 2 29748
1 4 29995
1 2 30118
1 4 30242
1 1 30365
1 3 30488
1 2 30612
1 4 30735
1 1 30859
1 3 30859
2 2 31106 31353
1 4 31353
1 1 31476
1 3 31600
1 2 31723
1 1 31846
1 4 31846
1 3 31970
1 2 32093
1 1 32217
1 3 32340
1 4 32464
1 2 32587
1 3 32711
1 1 32834
1 4 32834
1 3 33081
1 1 33204
1 4 33328
1 2 33451
1 3 33451
1 1 33698
1 4 33698
1 3 33822
1 2 34069
1 4 34192
1 1 34316
2 3 34562 34809
1 1 34809
1 4 34809
1 2 35056
1 3 35303
1 1 35550
1 4 35550
1 1 35797
1 3 35797
1 2 36044
1 3 36291
1 1 36538
1 4 36538
1 2 36785
1 4 36785
1 3 37032
1 1 37279
1 3 37525
1 2 37649
1 1 37772
1 4 37772
1 3 38019
1 1 38266
1 4 38513
1 1 38760
1 3 38760
1 2 39007
1 4 39254
2 1 39377 39501
1 3 39501
1 2 39624
1 1 39748
1 4 39748
1 2 39995
1 3 40242
1 1 40488
1 4 40735
1 2 40982
1 3 41229
1 2 41476
1 3 41600
1 1 41723
1 4 41723
1 2 41970
1 3 42093
1 4 42093
2 1 42340 42464
1 4 42464
1 3 42587
1 2 42711
1 2 42958
1 4 43204
1 3 43328
2 2 43451 43698
1 1 43698
1 4 43698
1 1 43945
1 4 43945
1 1 44192
1 3 44192
1 1 44439
1 3 44439
1 2 44686
1 4 44686
1 2 44933
1 4 44933
1 1 45180
1 4 45180
1 1 45427
1 2 45427
1 3 45550
1 1 45674
1 4 45674
1 2 45921
1 4 45921
1 1 46167
1 3 46167
1 1 46414
1 3 46414
1 1 46661
1 4 46661
1 1 46908
1 4 46908
1 2 47155
1 3 47155
1 3 47402
1 4 47402
1 2 47525
1 3 47649
1 4 47649
1 1 47772
1 2 47896
1 4 48019
1 3 48143
1 1 48266
1 2 48390
1 3 48513
1 1 48637
1 4 48637
1 2 48760
1 4 48883
1 3 49007
1 1 49130
1 2 49254
1 4 49377
1 3 49501
1 1 49624
1 2 49624
1 4 49871
1 3 49995
1 1 50118
1 2 50118
1 4 50365
1 3 50488
1 1 50612
1 2 50612
1 4 50735
1 1 50859
1 4 50982
2 2 51106 51353
1 1 51353
1 3 51353
1 1 51600
2 4 51600 52093
2 2 52093 52340
2 3 52340 52587
2 1 52587 53081
2 4 53081 53328
2 3 53328 53575
1 1 53575
2 2 53575 54069
2 3 54069 54562
2 4 54562 55056
2 2 55056 55550
1 4 55550
2 1 56044 56291
2 2 56291 56538
2 4 56538 57032
2 3 57032 57279
2 2 57279 57525
2 1 57525 58019
1 4 57525
2 3 58019 58513
2 2 58513 59007
2 4 59007 59501
1 1 59501
1 3 59501
2 2 59995 60242
2 3 60242 60488
2 4 60488 60982
2 3 60982 61229
2 2 61229 61476
2 1 61476 61970
1 4 61476
2 2 61970 62464
2 4 62464 62958
2 3 62958 63451
2 1 63451 64439
1 4 63451
2 2 64439 64933
2 3 64933 65427
1 1 65427
2 4 65427 66414
1 1 66414
1 3 66538
1 1 66661
1 2 66785
1 4 66908
1 3 67032
1 2 67155
1 1 67279
1 3 67402
1 4 67402
1 1 67525
1 2 67525
1 3 67772
1 4 67772
1 2 68019
1 3 68019
1 1 68143
1 4 68143
1 2 68390
1 4 68390
1 1 68513
1 3 68513
1 3 68760
1 4 68760
1 1 68883
1 2 68883
1 1 69130
1 4 69130
1 3 69377
1 4 69377
1 1 69624
1 3 69624
1 2 69748
1 4 69748
1 1 69995
1 2 69995
1 3 70242
1 4 70242
1 1 70488
1 4 70488
1 2 70612
1 3 70612
1 1 70859
2 3 70859 70982
2 2 71106 71229
1 3 71353
1 4 71353
1 1 71476
1 2 71476
1 1 71723
1 4 71723
1 2 71970
1 3 72093
1 4 72093
1 1 72217
1 2 72217
1 1 72464
1 4 72587
1 1 72834
1 3 72834
1 3 73081
1 4 73081
1 1 73204
1 2 73204
2 3 73451 73575
2 4 73698 73822
1 1 74069
1 2 74069
1 3 74316
1 2 74439
1 4 74439
1 1 74562
1 3 74686
1 4 74686
1 2 74809
1 4 74933
1 1 75056
1 3 75180
1 2 75303
1 4 75303
1 1 75427
1 3 75427
1 1 75674
1 2 75674
1 3 75797
1 4 75797
1 2 76044
1 3 76044
1 4 76167
1 1 76291
1 3 76414
1 4 76414
1 1 76661
1 4 76661
1 2 76785
1 3 76785
1 1 77032
1 4 77032
1 3 77402
1 1 77525
1 2 77525
1 3 77649
1 4 77649
1 1 77896
1 4 77896
1 3 78019
1 1 78143
1 2 78143
1 3 78390
1 1 78513
1 4 78513
1 3 78760
1 4 78760
1 2 79007
1 3 79007
1 1 79254
1 4 79254
1 2 79377
1 3 79377
1 3 79624
1 4 79624
1 1 79871
1 2 79995
1 3 79995
1 1 80118
1 4 80118
1 2 80488
1 3 80488
1 1 80735
1 3 80735
1 2 80921
1 4 80921
2 1 81106 81970
1 3 81106
2 4 81970 82093
2 3 82093 82217
2 1 82340 82464
2 4 82464 82587
2 1 82587 82711
1 3 82711
1 2 82834
1 3 82958
1 4 83081
2 1 83204 83945
1 2 83204
1 2 83451
1 4 83698
1 4 83945
2 2 84192 85180
1 3 84192
1 4 84439
1 3 84686
1 1 84809
1 4 84933
1 3 85056
2 4 85180 86414
1 1 85180
1 1 85427
1 2 85674
1 2 85921
1 3 86167
1 1 86414
1 3 86661
1 2 86785
1 1 86908
1 3 86908
1 2 87155
1 4 87155
1 1 87279
1 4 87402
1 2 87525
1 3 87649
1 1 87772
1 2 87896
1 4 87896
1 3 88019
1 1 88143
1 4 88143
1 2 88266
1 1 88390
1 3 88513
1 2 88637
1 4 88760
1 1 88883
1 3 88883
1 2 89007
1 1 89130
1 4 89130
1 1 89377
1 4 89377
2 3 89624 90118
1 1 90118
1 4 90242
1 2 90365
1 3 90488
1 1 90612
1 2 90735
1 3 90859
1 4 90859
2 1 91106 91600
1 2 91106
1 4 91353
1 2 91600
1 3 91846
1 4 91846
2 2 92093 92834
1 4 92093
1 1 92340
1 3 92587
1 1 92834
1 4 92834
1 3 92958
2 1 93081 93822
1 2 93081
1 4 93328
1 2 93575
1 3 93822
1 4 93822
1 2 94069
2 4 94069 94316
1 1 94316
1 2 94562
1 3 94562
1 1 94686
1 4 94809
1 2 94933
2 1 95056 95797
1 4 95056
1 3 95303
1 2 95550
1 3 95797
1 4 95797
2 2 96044 96291
1 3 96044
1 1 96291
1 4 96291
2 2 96538 96785
1 3 96538
1 1 96785
1 4 96785
1 3 96908
1 2 97032
1 4 97032
2 3 97155 97279
2 1 97279 97402
2 4 97402 97525
2 2 97525 97649
2 3 97649 97772
2 1 97772 97896
2 2 97896 98019
1 3 98019
1 4 98019
1 3 98266
1 4 98266
1 1 98513
1 2 98513
1 3 98637
1 4 98760
2 1 99007 99501
1 2 99007
1 4 99254
1 2 99501
1 3 99748
1 4 99748
1 1 99995
2 4 99995 100735
1 2 100242
1 3 100488
1 1 100735
1 2 100735
1 3 100859
2 2 100982 101723
1 4 100982
1 1 101229
1 3 101476
1 1 101723
1 4 101723
2 1 101970 102958
1 3 101970
1 2 102217
1 4 102464
1 3 102711
1 2 102834
1 3 102958
2 4 102958 103698
1 1 103204
1 3 103451
1 1 103698
1 2 103698
1 2 103945
2 3 103945 104192
1 1 104192
1 4 104192
2 2 104439 104686
1 3 104439
1 1 104686
1 4 104686
1 3 104809
1 1 104933
1 2 104933
2 3 105056 105180
2 2 105180 105303
2 4 105303 105427
2 1 105427 105550
2 3 105550 105674
2 2 105674 105797
2 4 105797 105921
1 1 105921
1 1 106167
1 3 106414
1 3 106661
2 1 106908 107032
1 4 106908
2 3 107032 107155
2 2 107155 107279
2 4 107279 107402
2 1 107402 107525
2 3 107525 107649
2 2 107649 107772
1 4 107772
2 3 107896 108019
2 1 108019 108143
2 2 108143 108266
2 3 108266 108390
2 4 108390 108513
2 1 108513 108637
2 3 108637 108760
2 2 108760 108883
1 4 108883
2 1 108883 109007
2 3 109007 109130
2 2 109130 109254
2 4 109254 109377
2 1 109377 109501
2 3 109501 109624
2 2 109624 109748
1 4 109748
2 1 109871 109995
1 3 109995
1 2 110118
1 3 110242
1 2 110365
2 3 110488 110612
1 1 110612
2 2 110735 110859
1 1 110859
2 4 110859 110982
2 3 110982 111106
2 2 111106 111229
2 1 111229 111353
2 4 111353 111476
2 3 111476 111600
2 2 111600 111723
1 1 111723
2 3 111846 111970
2 4 111970 112093
2 1 112093 112217
2 2 112217 112340
2 3 112340 112464
2 4 112464 112587
2 1 112587 112711
2 2 112711 112834
1 3 112834
1 4 112834
1 1 112958
1 4 113081
1 2 113204
1 3 113204
1 1 113328
1 4 113451
1 2 113575
1 3 113698
1 1 113822
1 4 113822
1 4 114069
2 1 114316 114562
1 3 114316
1 3 114562
1 1 114809
1 4 114809
1 1 115056
1 3 115056
1 1 115303
1 2 115303
1 2 115550
1 4 115550
1 1 115797
1 4 115797
1 3 116044
1 4 116044
1 2 116291
1 3 116291
1 4 116414
1 1 116538
1 2 116538
1 3 116661
1 1 116785
1 4 116785
1 1 117032
1 3 117032
1 2 117279
1 3 117279
1 1 117402
1 2 117525
1 4 117525
1 3 117649
1 1 117772
1 2 117772
2 3 117896 118019
2 4 118019 118143
2 1 118143 118266
2 2 118266 118390
2 3 118390 118513
1 1 118513
1 4 118513
1 1 118760
1 2 118760
1 3 118883
1 1 119007
1 4 119007
1 2 119130
1 3 119254
1 4 119254
1 2 119377
1 1 119501
2 4 119501 119748
1 2 119748
1 3 119748
1 1 119871
1 3 119995
1 4 119995
1 2 120118
1 1 120242
1 4 120242
1 3 120365
1 1 120488
2 2 120488 120735
1 3 120735
1 4 120735
1 1 120859
1 2 120982
1 3 120982
1 4 121106
1 1 121229
1 2 121229
1 3 121353
1 1 121476
2 4 121476 121723
2 2 121723 121970
1 3 121723
1 1 121970
2 4 121970 122217
1 2 122217
1 3 122217
1 1 122464
1 4 122464
1 3 122587
1 1 122711
1 2 122711
1 4 122834
1 1 122958
1 2 123081
1 4 123204
1 1 123328
1 3 123451
1 4 123575
1 1 123698
1 4 123822
1 2 123945
1 1 124069
1 3 124192
1 2 124316
2 1 124439 124686
1 4 124439
1 2 124686
1 3 124686
1 4 124809
1 1 124933
1 2 125056
1 4 125180
1 1 125303
1 3 125427
1 2 125550
1 4 125674
2 1 125797 125921
1 3 125921
2 4 126044 126167
1 2 126167
2 1 126291 126414
1 3 126414
2 4 126414 126661
1 1 126661
1 2 126661
1 3 126785
1 1 126908
1 4 127032
1 2 127155
1 3 127279
1 1 127402
2 4 127402 127649
1 2 127649
1 3 127649
1 1 127772
1 4 127896
1 3 128019
2 1 128143 128390
1 2 128143
1 4 128390
1 3 128513
1 1 128637
1 2 128637
1 4 128760
1 1 128883
1 3 129007
2 2 129130 129377
1 1 129377
1 4 129377
1 2 129624
2 3 129624 129995
2 2 129995 130365
1 3 130365
2 1 130612 131353
1 4 130612
1 3 130735
1 2 130859
1 4 130982
1 3 131106
1 2 131229
2 3 131353 131600
1 1 131600
2 4 131600 132340
1 2 131723
1 3 131846
1 1 131970
1 2 132093
1 3 132217
2 1 132340 132587
1 2 132587
1 4 132587
1 3 132711
1 2 132834
1 1 132958
1 4 132958
1 3 133081
1 2 133204
1 1 133328
1 4 133328
1 3 133451
1 2 133575
1 3 133698
1 4 133698
1 1 133822
1 2 133945
1 3 134069
2 4 134192 134316
2 2 134316 134562
1 3 134562
2 1 134562 135303
1 4 134686
1 2 134809
1 3 134933
1 4 135056
1 2 135180
1 3 135303
1 2 135427
2 4 135550 136044
1 1 135550
1 3 135674
1 2 135797
1 1 135921
1 3 136044
1 2 136167
1 3 136291
2 1 136538 137032
1 4 136538
1 2 136661
1 4 136785
1 3 136908
2 4 137032 137525
2 2 137525 138513
2 3 137525 138513
2 1 138513 139254
2 4 138513 139254