2 1 702 829
2 4 829 1168
2 2 1168 1549
2 3 1549 1803
2 1 1803 2185
2 2 2185 2566
2 3 2566 2820
2 4 2820 3202
2 2 3202 3583
2 1 3583 3837
2 4 3837 4092
2 3 4092 4219
2 3 4346 4600
2 1 4600 4854
2 2 4854 5236
2 3 5236 5617
2 4 5617 5871
2 1 5871 6253
2 2 6253 6634
2 4 6634 6761
1 1 6888
2 4 6888 7905
1 2 7905
2 2 8668 8922
2 4 8922 9176
2 3 9176 9303
2 1 9303 9558
2 2 9558 9685
2 4 9685 10193
2 1 10193 10448
2 2 10448 10702
2 3 10702 10956
2 1 10956 11337
1 3 11210
2 4 11337 11719
1 2 11592
2 3 11719 11973
1 1 11973
1 2 12227
1 4 12481
2 1 12736 12990
2 4 12990 13244
1 3 13244
2 1 13371 13625
2 2 13625 13753
2 3 13753 14261
2 1 14261 14515
1 4 14388
2 2 14515 14770
2 3 14770 15024
1 1 15024
2 4 15024 15405
1 2 15278
2 1 15405 15786
1 3 15659
2 2 15786 16041
1 4 16041
1 3 16295
2 1 16549 16867
2 4 16867 17058
1 2 17058
2 3 17058 17375
2 1 17375 17503
2 2 17503 17757
2 3 17757 18075
2 1 18075 18329
1 4 18202
1 3 18329
1 2 18583
1 1 18837
1 3 18964
2 4 19092 19346
1 2 19346
2 1 19473 19727
2 3 19727 19981
2 2 19981 20363
2 4 20363 20490
2 3 20490 20681
2 1 20681 21125
1 3 21125
1 4 21125
2 1 21380 21634
1 3 21507
2 4 21634 21888
1 2 21761
2 3 21888 22015
2 1 22015 22397
1 2 22142
2 3 22397 22651
2 4 22651 22905
2 1 22905 23159
2 2 23159 23541
1 3 23159
1 4 23414
2 3 23541 23922
1 1 23668
1 2 23922
2 4 23922 24176
1 1 24176
1 2 24939
1 1 25066
1 3 25193
1 4 25193
2 2 25448 25702
1 4 25575
2 1 25702 25956
1 3 25829
2 2 25956 26083
2 4 26083 26337
1 3 26210
2 1 26464 26719
1 3 26592
2 4 26719 26973
1 2 26846
2 1 26973 27227
1 3 27100
1 2 27227
2 4 27227 27609
1 1 27481
2 3 27609 27990
1 1 27736
2 2 27990 28244
1 4 27990
1 3 28244
1 4 28498
2 2 28753 29007
2 3 29007 29134
1 4 29261
2 1 29261 29515
2 4 29515 29642
2 2 29642 29770
1 1 29770
1 3 29770
2 4 29897 30151
1 2 30024
1 3 30151
2 1 30278 30532
1 4 30278
1 2 30532
1 1 30786
1 3 30786
2 2 31041 31295
1 4 31041
1 3 31168
2 1 31295 31549
1 4 31295
2 4 31549 31676
2 3 31676 31931
1 2 31803
2 4 31931 32312
1 1 32058
1 2 32312
1 3 32312
1 1 32566
1 4 32566
1 2 32820
1 3 32820
1 1 32948
1 4 33075
1 2 33202
2 1 33329 33583
1 4 33329
2 3 33583 33837
2 4 33837 34092
1 1 34092
2 2 34092 34346
1 3 34219
1 1 34346
1 4 34346
2 2 34600 34854
1 3 34600
1 4 34727
2 1 34854 35109
1 4 34981
1 2 35109
2 3 35109 35617
1 1 35236
2 4 35617 35871
2 1 35871 36125
2 2 36125 36380
1 4 36125
1 3 36253
1 1 36380
1 4 36380
1 2 36634
1 3 36634
2 1 36888 37142
1 2 36888
1 4 37142
1 3 37270
2 2 37397 37651
1 4 37397
2 1 37651 37905
2 4 37905 38159
2 2 38159 38668
1 3 38159
1 1 38286
1 3 38414
1 4 38414
2 1 38668 38922
1 4 38795
2 3 38922 39176
2 4 39176 39431
1 1 39303
1 2 39431
1 1 39685
2 3 39685 39939
2 2 39939 40193
2 4 40193 40448
1 3 40193
1 1 40320
1 2 40448
1 3 40702
1 4 40829
1 2 40956
1 3 41083
1 1 41210
1 2 41464
1 3 41464
2 4 41719 41973
2 1 41973 42227
2 3 42227 42481
2 2 42481 42736
2 3 42863 43117
2 4 43244 43498
2 1 43498 43753
1 2 43498
2 3 43880 44261
2 2 44261 44515
2 1 44515 45024
2 3 45024 45532
1 1 45532
2 4 45532 47566
1 2 45786
1 3 46041
1 1 46295
1 2 46549
1 3 46549
1 1 46803
1 2 47058
1 3 47058
1 1 47312
2 2 47566 47693
2 3 47566 47693
2 1 47948 48075
2 2 47948 48075
2 3 48329 48456
2 4 48329 48456
1 1 48583
1 2 48647
1 3 48710
1 4 48774
1 1 48837
1 2 48901
1 3 48964
1 4 49028
1 1 49092
1 2 49155
1 3 49219
1 4 49282
1 1 49346
1 2 49409
1 3 49473
1 4 49536
2 1 49600 49854
2 3 49854 50109
1 4 49981
2 1 50109 50363
1 2 50109
2 2 50363 50617
1 3 50617
2 4 50617 50871
1 1 50871
1 2 50998
2 1 51125 51380
1 3 51125
2 4 51380 51634
1 2 51634
2 3 51634 51888
1 1 51888
1 2 52015
2 3 52142 52397
1 4 52142
2 1 52397 52651
1 2 52651
2 4 52651 52905
1 3 52778
2 2 52905 53159
1 1 53032
1 3 53159
2 4 53159 53414
1 2 53414
1 1 53668
2 3 53668 53922
2 2 53922 54176
1 4 54049
1 1 54176
2 3 54176 54431
2 2 54431 54685
1 1 54685
2 4 54685 54939
1 3 54939
1 2 55066
2 1 55193 55448
1 4 55193
2 2 55448 55702
2 3 55702 55956
1 4 55702
1 1 55956
1 4 56083
2 1 56210 56464
1 2 56210
1 3 56464
2 4 56464 56719
2 1 56719 57227
1 2 56719
1 3 56846
1 4 56973
1 2 57100
1 3 57227
1 4 57227
1 1 57481
1 3 57736
2 4 57736 57990
2 2 57990 58244
1 1 58117
2 3 58244 58498
1 4 58244
2 1 58498 58753
1 3 58753
2 4 58753 59007
1 1 59007
1 3 59134
2 2 59261 59515
1 4 59261
2 3 59515 59770
2 1 59770 60024
1 4 59770
1 4 60151
2 2 60278 60532
1 3 60278
2 4 60532 60786
1 1 60786
2 3 60786 61041
2 2 61041 61295
1 1 61168
1 3 61295
2 4 61295 61549
2 1 61549 61803
2 2 61803 62312
1 3 61803
1 4 62058
1 3 62185
1 1 62312
2 4 62312 62820
1 3 62566
2 1 62820 63329
1 2 62820
1 4 63075
1 3 63202
1 2 63329
2 4 63329 63837
1 1 63583
1 2 63837
2 3 63837 64600
1 1 64092
1 2 64219
1 4 64346
1 1 64600
1 2 64727
1 3 64854
2 4 64854 65109
1 1 65109
1 2 65109
1 3 65236
1 1 65363
1 4 65363
1 2 65490
1 3 65617
1 4 65617
1 1 65744
1 2 65871
2 4 65871 66380
1 2 66253
2 1 66380 66888
1 3 66380
1 2 66634
1 4 66761
1 2 66888
2 3 66888 67142
1 4 67015
2 2 67142 67397
1 1 67270
2 4 67397 67651
1 3 67524
1 1 67651
1 3 67778
2 1 67905 68159
1 4 68032
1 3 68159
1 2 68286
1 1 68414
2 4 68414 68668
1 3 68541
2 1 68668 68922
1 2 68795
1 3 68922
2 4 68922 69176
1 2 69049
2 1 69176 69431
1 3 69303
1 2 69431
2 4 69431 69685
1 1 69558
2 3 69685 69939
1 2 69812
1 1 69939
2 4 69939 70193
1 3 70193
1 1 70320
2 2 70448 70702
1 4 70448
2 1 70702 70956
1 3 70829
1 2 70956
2 4 70956 71210
2 3 71210 71464
1 1 71464
2 2 71464 71846
1 4 71464
1 3 71719
1 1 71973
2 4 71973 72227
2 1 72227 72481
1 3 72354
1 2 72481
2 4 72481 72736
1 3 72736
2 1 72990 73498
1 2 72990
1 4 73117
1 3 73244
1 2 73371
1 3 73498
1 4 73498
1 1 73625
1 2 73689
1 3 73753
1 4 73816
1 1 73880
1 2 74007
2 4 74007 74515
1 3 74261
1 2 74388
2 1 74515 75024
1 3 74515
1 4 74770
1 2 75024
2 3 75024 75278
2 4 75278 75532
1 2 75405
2 1 75532 75786
1 3 75659
2 2 75786 76041
1 3 76041
2 4 76041 76295
1 1 76295
1 2 76422
2 3 76549 76803
1 4 76549
2 2 76803 77058
2 1 77058 77312
1 4 77058
2 3 77312 77566
1 2 77439
1 1 77566
2 4 77566 77820
2 1 77820 78075
1 2 77948
2 3 78075 78329
1 4 78075
1 2 78329
1 3 78456
2 1 78583 78837
1 4 78583
2 3 78837 79092
1 1 79092
2 4 79092 79346
2 2 79346 79600
1 1 79473
1 3 79600
2 4 79600 79854
2 1 79854 80109
2 3 80109 80363
1 4 80109
2 2 80363 80617
2 4 80617 80871
1 3 81125
1 1 81253
1 2 81316
1 3 81380
1 4 81443
1 1 81507
1 2 81570
1 3 81634
1 4 81698
1 1 81761
1 2 81825
1 3 81888
1 4 81952
1 1 82015
1 2 82079
1 3 82142
1 1 82397
1 4 82651
1 3 82905
1 1 83159
1 4 83414
1 3 83668
1 1 83922
1 4 84176
1 3 84431
1 1 84685
1 4 84939
1 2 85193
1 3 85448
1 4 85702
1 1 85956
1 2 85956
2 3 86210 88244